0.0625 0.17647058823529413
0.17647058823529413 0.11764705882352941
0.11764705882352941 0.09090909090909091
0.09090909090909091 0.15
0.15 0.1111111111111111
0.1111111111111111 0.09090909090909091
0.09090909090909091 0.08333333333333333
0.08333333333333333 0.08333333333333333
0.08333333333333333 0.08333333333333333
0.08333333333333333 0.15384615384615385
0.15384615384615385 0.125
0.125 0.11764705882352941
0.11764705882352941 0.058823529411764705
0.058823529411764705 0.07692307692307693
0.07692307692307693 0.09090909090909091
0.09090909090909091 0.0625
0.0625 0.10526315789473684
0.10526315789473684 0.09090909090909091
0.09090909090909091 0.11764705882352941
0.11764705882352941 0.07692307692307693
0.07692307692307693 0.09090909090909091
0.09090909090909091 0.125
0.125 0.125
0.125 0.09090909090909091
0.09090909090909091 0.16666666666666666
0.16666666666666666 0.16666666666666666
0.16666666666666666 0.06666666666666667
0.06666666666666667 0.08333333333333333
0.08333333333333333 0.07142857142857142
0.07142857142857142 0.10526315789473684
0.10526315789473684 0.07692307692307693
0.07692307692307693 0.13333333333333333
0.13333333333333333 0.07692307692307693
0.07692307692307693 0.0625
0.0625 0.09090909090909091
0.09090909090909091 0.125
0.125 0.09090909090909091
0.09090909090909091 0.09090909090909091
0.09090909090909091 0.13333333333333333
0.13333333333333333 0.058823529411764705
0.058823529411764705 0.1
0.1 0.08333333333333333
0.08333333333333333 0.07142857142857142
0.07142857142857142 0.07692307692307693
0.07692307692307693 0.1
0.1 0.08333333333333333
0.08333333333333333 0.09090909090909091
0.09090909090909091 0.1
0.1 0.08333333333333333
0.08333333333333333 0.08333333333333333
0.08333333333333333 0.125
0.125 0.09090909090909091
0.09090909090909091 0.08333333333333333
0.08333333333333333 0.16666666666666666
0.16666666666666666 0.1
0.1 0.08333333333333333
0.08333333333333333 0.05555555555555555
0.05555555555555555 0.2
0.2 0.09090909090909091
0.09090909090909091 0.21428571428571427
0.21428571428571427 0.2
0.2 0.2
0.2 0.2
0.2 0.09090909090909091
0.09090909090909091 0.2
0.2 0.125
0.125 0.2
0.2 0.125
0.125 0.09090909090909091
0.09090909090909091 0.16666666666666666
0.16666666666666666 0.15384615384615385
0.15384615384615385 0.2
0.2 0.07692307692307693
0.07692307692307693 0.07692307692307693
0.07692307692307693 0.1875
0.1875 0.18181818181818182
0.18181818181818182 0.09090909090909091
0.09090909090909091 0.11764705882352941
0.11764705882352941 0.21428571428571427
0.21428571428571427 0.125
0.125 0.15384615384615385
0.15384615384615385 0.125
0.125 0.1111111111111111
