0.22620442509651184 0.6398402452468872
0.6398402452468872 0.35163217782974243
0.35163217782974243 0.2829275131225586
0.2829275131225586 0.6122879385948181
0.6122879385948181 0.35050666332244873
0.35050666332244873 0.27310341596603394
0.27310341596603394 0.27373769879341125
0.27373769879341125 0.16025272011756897
0.16025272011756897 0.22620442509651184
0.22620442509651184 0.6372891068458557
0.6372891068458557 0.5633557438850403
0.5633557438850403 0.32734498381614685
0.32734498381614685 0.20454351603984833
0.20454351603984833 0.25037944316864014
0.25037944316864014 0.2930159568786621
0.2930159568786621 0.2659757137298584
0.2659757137298584 0.3234257400035858
0.3234257400035858 0.29127994179725647
0.29127994179725647 0.35163217782974243
0.35163217782974243 0.2949276864528656
0.2949276864528656 0.26055410504341125
0.26055410504341125 0.40231168270111084
0.40231168270111084 0.3859580159187317
0.3859580159187317 0.2854384481906891
0.2854384481906891 0.4585767984390259
0.4585767984390259 0.4585767984390259
0.4585767984390259 0.2088356763124466
0.2088356763124466 0.2756863832473755
0.2756863832473755 0.24606817960739136
0.24606817960739136 0.3234257400035858
0.3234257400035858 0.2758452594280243
0.2758452594280243 0.3583400249481201
0.3583400249481201 0.21586675941944122
0.21586675941944122 0.2163839191198349
0.2163839191198349 0.2578220069408417
0.2578220069408417 0.3859580159187317
0.3859580159187317 0.2930159568786621
0.2930159568786621 0.27310341596603394
0.27310341596603394 0.3583400249481201
0.3583400249481201 0.02012714371085167
0.02012714371085167 0.2138243019580841
0.2138243019580841 0.2882043421268463
0.2882043421268463 0.2756863832473755
0.2756863832473755 0.2650890350341797
0.2650890350341797 0.2608107924461365
0.2608107924461365 0.2882043421268463
0.2882043421268463 0.25813859701156616
0.25813859701156616 0.29127994179725647
0.29127994179725647 0.2869698405265808
0.2869698405265808 0.27060890197753906
0.27060890197753906 0.25665685534477234
0.25665685534477234 0.39943936467170715
0.39943936467170715 0.29317206144332886
0.29317206144332886 0.24735620617866516
0.24735620617866516 0.669232964515686
0.669232964515686 0.3260747790336609
0.3260747790336609 0.1803874671459198
0.1803874671459198 0.20444637537002563
0.20444637537002563 0.8543496131896973
0.8543496131896973 0.2854384481906891
0.2854384481906891 0.6772823929786682
0.6772823929786682 0.5446482300758362
0.5446482300758362 0.6666423082351685
0.6666423082351685 0.6503710746765137
0.6503710746765137 0.29317206144332886
0.29317206144332886 0.8444849848747253
0.8444849848747253 0.39943936467170715
0.39943936467170715 0.5446482300758362
0.5446482300758362 0.40440165996551514
0.40440165996551514 0.27529436349868774
0.27529436349868774 0.8685863614082336
0.8685863614082336 0.8362647891044617
0.8362647891044617 0.8213423490524292
0.8213423490524292 0.27373769879341125
0.27373769879341125 0.24719804525375366
0.24719804525375366 0.8685863614082336
0.8685863614082336 0.5783488154411316
0.5783488154411316 0.2511259913444519
0.2511259913444519 0.5290002822875977
0.5290002822875977 0.6739362478256226
0.6739362478256226 0.40440165996551514
0.40440165996551514 0.6161901950836182
0.6161901950836182 0.33667322993278503